文件名,偏移量,大小(字节),标识符
0.au,0,4137,0x5042cd00
1.au,4137,2694,0x9052cd00
10.au,6831,2510,0x205dcd00
100.au,9341,6203,0x0067cd00
1000.au,15544,8001,0x507fcd00
10000.au,23545,7540,0xa09ecd00
1000p.au,31085,7560,0x20bccd00
100p.au,38645,5762,0xb0d9cd00
11.au,44407,4024,0x40f0cd00
12.au,48431,3419,0x0000ce00
13.au,51850,3821,0x700dce00
14.au,55671,4767,0x701cce00
15.au,60438,4382,0x202fce00
16.au,64820,5452,0x5040ce00
17.au,70272,6149,0xb055ce00
18.au,76421,4546,0xc06dce00
19.au,80967,4254,0x907fce00
2.au,85221,2227,0x4090ce00
20.au,87448,3387,0x0099ce00
200.au,90835,6512,0x50a6ce00
2000.au,97347,6478,0xd0bfce00
2000p.au,103825,6037,0x30d9ce00
200p.au,109862,6071,0xd0f0ce00
21.au,115933,5430,0x9008cf00
22.au,121363,5743,0xd01dcf00
23.au,127106,6291,0x5034cf00
24.au,133397,6127,0xf04ccf00
25.au,139524,7348,0xf064cf00
26.au,146872,6647,0xb081cf00
27.au,153519,7142,0xb09bcf00
28.au,160661,5306,0xa0b7cf00
29.au,165967,6410,0x70cccf00
3.au,172377,2547,0x90e5cf00
30.au,174924,3920,0x90efcf00
300.au,178844,6996,0xf0fecf00
3000.au,185840,7397,0x501ad000
3000p.au,193237,6956,0x4037d000
300p.au,200193,6555,0x8052d000
31.au,206748,5362,0x306cd000
32.au,212110,5869,0x3081d000
33.au,217979,6479,0x3098d000
34.au,224458,6344,0x90b1d000
35.au,230802,7205,0x60cad000
36.au,238007,6746,0x90e6d000
37.au,244753,7408,0x0001d100
38.au,252161,5139,0x001ed100
39.au,257300,6386,0x2032d100
3d.au,263686,6463,0x204bd100
4.au,270149,2675,0x7064d100
40.au,272824,3686,0xf06ed100
400.au,276510,6759,0x607dd100
4000.au,283269,6754,0xd097d100
4000p.au,290023,6313,0x40b2d100
400p.au,296336,6318,0x00cbd100
41.au,302654,5777,0xc0e3d100
42.au,308431,5757,0x60fad100
43.au,314188,6556,0xf010d200
44.au,320744,6055,0xa02ad200
45.au,326799,6724,0x5042d200
46.au,333523,6569,0xa05cd200
47.au,340092,7101,0x6076d200
48.au,347193,5211,0x3092d200
49.au,352404,6454,0xa0a6d200
5.au,358858,3742,0xe0bfd200
50.au,362600,3823,0x90ced200
500.au,366423,6949,0x90ddd200
5000.au,373372,7550,0xc0f8d200
5000p.au,380922,7109,0x5016d300
500p.au,388031,6508,0x2032d300
51.au,394539,5594,0xa04bd300
52.au,400133,5673,0x9061d300
53.au,405806,6582,0xd077d300
54.au,412388,6322,0x9091d300
55.au,418710,6875,0x50aad300
56.au,425585,6659,0x40c5d300
57.au,432244,7424,0x50dfd300
58.au,439668,5042,0x60fcd300
59.au,444710,6482,0x2010d400
6.au,451192,3090,0x8029d400
60.au,454282,4246,0xa035d400
600.au,458528,6440,0x4046d400
6000.au,464968,7461,0x705fd400
6000p.au,472429,7020,0xa07cd400
600p.au,479449,5999,0x2098d400
61.au,485448,6592,0xa0afd400
62.au,492040,6767,0x70c9d400
63.au,498807,7299,0xf0e3d400
64.au,506106,7340,0x8000d500
65.au,513446,8201,0x401dd500
66.au,521647,7809,0x603dd500
67.au,529456,8303,0xf05bd500
68.au,537759,6138,0x707cd500
69.au,543897,7355,0x8094d500
7.au,551252,3751,0x50b1d500
70.au,555003,5122,0x00c0d500
700.au,560125,7625,0x10d4d500
7000.au,567750,8406,0xf0f1d500
7000p.au,576156,7965,0xd012d600
700p.au,584121,7184,0x0032d600
71.au,591305,6353,0x204ed600
72.au,597658,6267,0x0067d600
73.au,603925,7177,0x907fd600
74.au,611102,6650,0xb09bd600
75.au,617752,7875,0xc0b5d600
76.au,625627,7159,0x90d4d600
77.au,632786,7654,0x90f0d600
78.au,640440,6264,0x800ed700
79.au,646704,7218,0x0027d700
8.au,653922,2247,0x4043d700
80.au,656169,3538,0x104cd700
800.au,659707,6264,0xf059d700
8000.au,665971,7364,0x7072d700
8000p.au,673335,6923,0x408fd700
800p.au,680258,5823,0x60aad700
81.au,686081,5856,0x30c1d700
82.au,691937,5852,0x20d8d700
83.au,697789,6398,0x10efd700
84.au,704187,6192,0x2008d800
85.au,710379,7053,0x6020d800
86.au,717432,6760,0x003cd800
87.au,724192,7422,0x7056d800
88.au,731614,5153,0x8073d800
89.au,736767,6562,0xb087d800
9.au,743329,3096,0x60a1d800
90.au,746425,3806,0x80add800
900.au,750231,6854,0x70bcd800
9000.au,757085,6686,0x40d7d800
9000p.au,763771,6245,0x70f1d800
900p.au,770016,6413,0xe009d900
91.au,776429,5872,0x0023d900
92.au,782301,5620,0x003ad900
93.au,787921,6764,0x0050d900
94.au,794685,5998,0x806ad900
95.au,800683,7228,0x0082d900
96.au,807911,6512,0x509ed900
97.au,814423,7007,0xd0b7d900
98.au,821430,5791,0x40d3d900
99.au,827221,6066,0xf0e9d900
active.au,833287,5094,0xb001da00
aerobatics.au,838381,8108,0xa015da00
ampere.au,846489,8198,0x6035da00
ar.au,854687,10349,0x7055da00
backup.au,865036,6243,0xf07dda00
bank.au,871279,4720,0x6096da00
bank1.au,875999,8216,0xe0a8da00
bank2.au,884215,6281,0x00c9da00
bank3.au,890496,7385,0xa0e1da00
bar_en.au,897881,6314,0x90feda00
batt_sp.au,904195,10011,0x5017db00
battery.au,914206,5062,0x803edb00
bec.au,919268,8500,0x5052db00
border.au,927768,8330,0x9073db00
brake.au,936098,4700,0x3094db00
buddy.au,940798,4192,0xa0a6db00
caps.au,944990,4486,0x10b7db00
choke.au,949476,4379,0xa0c8db00
climb.au,953855,5386,0xd0d9db00
clock.au,959241,4205,0xf0eedb00
condition.au,963446,7253,0x70ffdb00
connected.au,970699,6894,0xd01bdc00
current.au,977593,3233,0xd036dc00
differential.au,980826,8994,0x8043dc00
emergency_power.au,989820,11650,0xb066dc00
engaged.au,1001470,6415,0x4094dc00
engine.au,1007885,5476,0x60addc00
error.au,1013361,4201,0xd0c2dc00
esc.au,1017562,7439,0x50d3dc00
feet.au,1025001,4098,0x70f0dc00
flaps.au,1029099,5813,0x8000dd00
flighttime.au,1034912,7968,0x4017dd00
flow_rate_en.au,1042880,5682,0x7036dd00
fps.au,1048562,10050,0xb04cdd00
fuel_en.au,1058612,4190,0x0074dd00
full.au,1062802,4656,0x7084dd00
gears.au,1067458,5327,0xb096dd00
glow.au,1072785,4230,0x90abdd00
governor.au,1077015,4441,0x20bcdd00
gps.au,1081456,12151,0x90cddd00
grad_c.au,1093607,12224,0x10fddd00
grad_f.au,1105831,14875,0xe02cde00
half.au,1120706,3699,0x1067de00
headlight.au,1124405,5983,0x9075de00
headspeed.au,1130388,5245,0x008dde00
height.au,1135633,4884,0x90a1de00
hook.au,1140517,3914,0xb0b4de00
hours.au,1144431,7154,0x10c4de00
hovering.au,1151585,6576,0x10e0de00
hub.au,1158161,4565,0xd0f9de00
idle.au,1162726,4128,0xb00bdf00
ignition.au,1166854,6407,0xe01bdf00
input.au,1173261,5080,0xf034df00
kmh.au,1178341,13842,0xd048df00
land.au,1192183,4890,0xf07edf00
landing.au,1197073,5544,0x2092df00
light.au,1202617,3450,0xd0a7df00
liter_en.au,1206067,5973,0x60b5df00
lock.au,1212040,4100,0xc0ccdf00
log.au,1216140,4063,0xd0dcdf00
low_rpm.au,1220203,10488,0xc0ecdf00
mah.au,1230691,14002,0xc015e000
master.au,1244693,5890,0x804ce000
max.au,1250583,7374,0x9063e000
meter.au,1257957,4332,0x7080e000
millibar.au,1262289,6537,0x7091e000
milliliter_en.au,1268826,7959,0x10abe000
min.au,1276785,5643,0x30cae000
minus.au,1282428,4577,0x50e0e000
minute.au,1287005,5516,0x40f2e000
minutes.au,1292521,6628,0xe007e100
model.au,1299149,4477,0xd021e100
modify.au,1303626,6409,0x6033e100
motor.au,1310035,4240,0x804ce100
motor_idle.au,1314275,7706,0x205de100
motor_off.au,1321981,6787,0x507be100
motor_on.au,1328768,7745,0xe095e100
mph.au,1336513,11523,0x30b4e100
mps.au,1348036,10196,0x40e1e100
newton.au,1358232,4699,0x2009e200
normal.au,1362931,5591,0x901be200
off.au,1368522,3012,0x7031e200
on.au,1371534,4914,0x403de200
ounce.au,1376448,5199,0x8050e200
output.au,1381647,5680,0xe064e200
overspeed.au,1387327,8114,0x207be200
p100.au,1395441,1102,0xe09ae200
p500.au,1396543,5512,0x409fe200
percent.au,1402055,7480,0xd0b4e200
phase.au,1409535,3944,0x10d2e200
pl_align.au,1413479,11435,0x80e1e200
point.au,1424914,2454,0x400ee300
pound.au,1427368,5263,0xe017e300
power.au,1432631,3755,0x802ce300
pressure_en.au,1436386,4066,0x403be300
psi.au,1440452,8580,0x304be300
pump.au,1449032,3836,0xc06ce300
quality.au,1452868,5857,0xd07be300
ready.au,1458725,4829,0xc092e300
ready_for_takeoff.au,1463554,10452,0xb0a5e300
receiver.au,1474006,5287,0x90cee300
rescue.au,1479293,7509,0x40e3e300
rescue_e.au,1486802,8337,0xa000e400
rescue_s.au,1495139,10483,0x4021e400
rpm.au,1505622,14866,0x404ae400
seconds.au,1520488,8766,0x6084e400
sensor.au,1529254,7053,0xb0a6e400
sink.au,1536307,4364,0x50c2e400
smoke.au,1540671,4898,0x70d3e400
speed.au,1545569,4190,0xa0e6e400
spooldown.au,1549759,7255,0x10f7e400
spoolup.au,1557014,6290,0x7013e500
spotlight.au,1563304,7377,0x102ce500
stabilization.au,1570681,10965,0xf048e500
stall.au,1581646,4705,0xd073e500
start.au,1586351,6165,0x4086e500
still.au,1592516,4077,0x609ee500
stop.au,1596593,5703,0x60aee500
takeoff.au,1602296,5711,0xb0c4e500
taking.au,1608007,8180,0x10dbe500
temperature.au,1616187,6546,0x10fbe500
thermal.au,1622733,4400,0xb014e600
timer.au,1627133,3760,0xf025e600
too_fast.au,1630893,7304,0xb034e600
tr_connected.au,1638197,10385,0x4051e600
tr_disconnected.au,1648582,11560,0xe079e600
tr_enabled.au,1660142,9169,0x10a7e600
transmitter.au,1669311,6694,0xf0cae600
turbine.au,1676005,6371,0x20e5e600
unlock.au,1682376,5640,0x10fee600
used.au,1688016,3366,0x2014e700
volt.au,1691382,6256,0x5021e700
watts.au,1697638,5836,0xd039e700
